4294967279,131
4294967279,189
4294967279,188
4294967278,282
4294967278,311
4294967279,291
4294967279,132
4294967279,537
4294967278,347
4294967279,306
4294967278,5
4294967278,4
4294967279,558
4294967278,6
4294967278,181
4294967279,535
4294967278,7
4294967279,565
4294967278,366
4294967279,557
4294967278,8
4294967278,309
4294967279,304
4294967278,172
4294967278,10
4294967278,9
4294967279,172
4294967279,171
4294967278,11
4294967278,170
4294967278,358
4294967278,15
4294967278,14
4294967278,13
4294967278,12
4294967278,168
4294967279,534
4294967278,166
4294967278,373
4294967279,302
4294967278,19
4294967278,18
4294967278,17
4294967278,16
4294967278,164
4294967279,575
4294967278,307
4294967279,301
4294967278,28
4294967278,27
4294967278,26
4294967278,25
4294967278,24
4294967278,23
4294967278,22
4294967278,21
4294967278,20
4294967278,162
4294967278,338
4294967279,299
4294967278,54
4294967278,53
4294967278,52
4294967278,51
4294967278,50
4294967278,49
4294967278,48
4294967278,43
4294967278,42
4294967278,41
4294967278,40
4294967278,39
4294967278,38
4294967278,37
4294967278,36
4294967278,35
4294967278,302
4294967278,34
4294967278,33
4294967278,32
4294967278,31
4294967278,30
4294967278,29
4294967278,160
4294967278,47
4294967278,305
4294967279,574
4294967278,46
4294967278,45
4294967278,363
4294967279,156
4294967278,44
4294967278,337
4294967279,155
4294967278,155
4294967279,154
4294967278,154
4294967279,153
4294967278,153
4294967279,152
4294967278,152
4294967279,151
4294967278,151
4294967279,150
4294967278,150
4294967279,149
4294967278,149
4294967279,148
4294967279,147
4294967279,287
4294967279,145
4294967279,143
4294967278,132
4294967278,131
4294967278,130
4294967278,127
4294967278,125
4294967278,124
4294967278,123
4294967278,122
4294967278,121
4294967278,120
4294967278,119
4294967278,118
4294967278,116
4294967278,283
4294967278,110
4294967278,108
4294967278,107
4294967278,106
4294967278,105
4294967278,103
4294967278,102
4294967278,101
4294967278,100
4294967278,98
4294967278,97
4294967278,94
4294967278,92
4294967278,91
4294967278,90
4294967278,89
4294967278,87
4294967278,86
4294967278,85
4294967278,84
4294967278,82
4294967278,81
4294967278,80
4294967278,79
4294967278,78
4294967278,77
4294967278,75
4294967278,74
4294967278,73
4294967278,72
4294967278,71
4294967278,70
4294967278,68
4294967278,65
4294967278,64
4294967278,63
4294967278,62
4294967278,61
4294967278,60
4294967278,340
4294967278,58
4294967278,57
4294967278,56
4294967278,55
4294967279,81
4294967279,560
4294967279,79
4294967279,78
4294967279,77
4294967279,76
4294967279,75
4294967279,74
4294967279,559
4294967279,73
4294967279,72
4294967279,71
4294967279,70
4294967279,69
4294967279,536
4294967279,67
4294967279,66
4294967279,65
4294967279,64
4294967279,305
4294967279,63
4294967279,62
4294967279,61
4294967279,60
4294967279,59
4294967279,545
4294967279,57
4294967279,56
4294967279,55
4294967279,533
4294967279,53
4294967279,52
4294967279,51
4294967279,50
4294967279,49
4294967279,48
4294967279,47
4294967279,46
4294967279,45
4294967279,44
4294967279,297
4294967279,43
4294967279,42
4294967279,290
4294967279,40
4294967279,39
4294967279,38
4294967279,37
4294967279,36
4294967279,35
4294967279,34
4294967279,33
4294967279,524
4294967279,32
4294967279,520
4294967279,31
4294967279,286
4294967279,30
4294967279,522
4294967279,28
4294967279,518
4294967279,27
4294967279,285
4294967279,25
4294967279,284
4294967279,24
4294967279,521
4294967279,23
4294967279,269
4294967279,20
4294967279,260
4294967279,266
4294967279,18
4294967279,17
4294967279,16
4294967279,15
4294967279,14
4294967279,13
4294967279,12
4294967279,9
4294967279,7
4294967279,6
4294967279,5
4294967279,4
4294967279,29
4294967279,523
4294967279,26
4294967278,384
4294967279,22
4294967279,283
4294967279,21
4294967279,271
4294967279,268
4294967279,270
4294967279,19
4294967279,282
4294967279,267
4294967279,279
4294967279,277
98,7
4294967279,265
98,6
98,5
4294967279,264
98,4
98,3
98,2
98,1
4294967279,263
4294967279,11
4294967279,273
4294967279,10
4294967279,275
4294967279,259
4294967279,258
4294967294,1413
4294967294,185
4294967294,961
4294967294,190
4294967279,8
4294967279,257
4294967279,292
4294967278,293
4294967279,256
4294967279,254
4294967279,253
4294967278,258
4294967294,903
4294967278,257
4294967278,129
4294967278,256
4294967278,128
4294967278,370
4294967278,355
4294967278,325
4294967294,38
4294967294,37
4294967278,126
4294967278,324
4294967278,255
4294967279,573
4294967278,323
4294967278,352
4294967278,253
4294967278,250
4294967294,40
4294967278,117
4294967294,107
4294967278,246
4294967294,42
4294967278,244
4294967278,243
4294967294,390
4294967294,43
4294967294,1416
4294967294,427
4294967294,44
4294967278,242
4294967294,967
